%YAML:1.0
---
rotation: !!opencv-matrix
   rows: 3
   cols: 3
   dt: d
   data: [ 9.9987745361556801e-01, -8.3744069320114446e-03,
       -1.3226755451914171e-02, 8.6591873828091477e-03,
       9.9972871330634705e-01, 2.1622170675145363e-02,
       1.3042094353172785e-02, -2.1734053910230273e-02,
       9.9967871572596267e-01 ]
translation: !!opencv-matrix
   rows: 3
   cols: 1
   dt: d
   data: [ -5.1507549060935874e-02, 2.2260955123926734e-03,
       2.7718101967250691e-02 ]
essential: !!opencv-matrix
   rows: 3
   cols: 3
   dt: d
   data: [ -2.1098329111843484e-04, -2.7758964494889325e-02,
       1.6260547713850596e-03, 2.8386471528824689e-02,
       -1.3515905133309552e-03, 5.1124379939116345e-02,
       -2.6718362313841084e-03, -5.1474933518562666e-02,
       -1.0842609958989571e-03 ]
fundamental: !!opencv-matrix
   rows: 3
   cols: 3
   dt: d
   data: [ 3.0186730484153804e-06, 3.9905804679810016e-04,
       -9.3109677093238877e-02, -4.0899694131345422e-04,
       1.9566744716543453e-05, -1.6662755373190472e-01,
       2.4858682988935193e-01, 4.1242882649019863e-01, 1. ]
