%YAML:1.0
---
cameraMatrix: !!opencv-matrix
   rows: 3
   cols: 3
   dt: d
   data: [ 3.5999377967405348e+02, 0., 2.5101527957840727e+02, 0.,
       3.5828629841362135e+02, 2.1043727086039311e+02, 0., 0., 1. ]
distortionCoefficients: !!opencv-matrix
   rows: 1
   cols: 5
   dt: d
   data: [ 1.0296540581056120e-01, -4.6550135232589962e-01,
       8.2103272429961873e-03, -2.7634215035823042e-03,
       5.0425701435822268e-01 ]
rotation: !!opencv-matrix
   rows: 3
   cols: 3
   dt: d
   data: [ 1., 0., 0., 0., 1., 0., 0., 0., 1. ]
projection: !!opencv-matrix
   rows: 4
   cols: 4
   dt: d
   data: [ 3.5999377967405348e+02, 0., 2.5101527957840727e+02, 0., 0.,
       3.5828629841362135e+02, 2.1043727086039311e+02, 0., 0., 0., 1.,
       0., 0., 0., 0., 1. ]
