%YAML:1.0
---
depthShift: -2.8448182708188227e+01
