%YAML:1.0
---
cameraMatrix: !!opencv-matrix
   rows: 3
   cols: 3
   dt: d
   data: [ 1.0960694819997336e+03, 0., 9.7386352584182180e+02, 0.,
       1.0884223544482199e+03, 5.1253786959256161e+02, 0., 0., 1. ]
distortionCoefficients: !!opencv-matrix
   rows: 1
   cols: 5
   dt: d
   data: [ 8.5313063795025873e-02, -1.9810132288141241e-01,
       2.7430232385966345e-03, 6.6646761914798322e-04,
       1.0592176711870328e-01 ]
rotation: !!opencv-matrix
   rows: 3
   cols: 3
   dt: d
   data: [ 1., 0., 0., 0., 1., 0., 0., 0., 1. ]
projection: !!opencv-matrix
   rows: 4
   cols: 4
   dt: d
   data: [ 1.0960694819997336e+03, 0., 9.7386352584182180e+02, 0., 0.,
       1.0884223544482199e+03, 5.1253786959256161e+02, 0., 0., 0., 1.,
       0., 0., 0., 0., 1. ]
